190.794219
159.523933
161.543588
157.522125
128.958138
136.472063
134.893901
116.854807
137.108506
119.133307
112.607195
113.833063
143.541165
138.315258
192.765428
121.849063
154.800213
125.784136
130.438637
126.885756
119.320913
119.662715
110.527764
112.936937
112.309454
108.489524
112.426866
120.727122
114.364933
139.965754
172.203154
118.743027
113.436658
120.665346
115.845311
133.455323
110.432394
110.856720
135.550792
122.975742
134.420299
126.688068
124.152810
112.507334
121.685739
128.942612
131.552269
135.438221
140.543790
141.464536